camera_id: TANGO_3DR_CAMERA_COLOR
camera_intrinsics:
  calibration_type: TANGO_3DR_CALIBRATION_POLYNOMIAL_2_PARAMETERS
  width: 960
  height: 540
  model: [866.421028954913, 866.665121492082, 474.53935926186, 263.887274892649]
  distortion: [0.122687486206855, -0.560189137398671]
camera_extrinsics:
  orientation: [-0.00264532747463874, -0.99997185068565, 0.00393561721897875, 0.00581472234704451]
  translation: [0.0471387850768341, -0.00701568929038864, -0.00527641706946324]
